73
30 144  235
0 255 0
0 247 0
0 239 0
0 231 0
0 223 0
0 215 0
0 207 0
0 199 0
7 193 0
14 191 0
28 189 0
42 187 0
56 185 0
70 183 0
84 181 0
98 179 0
112 182 0
113 174 0
114 166 0
115 158 0
116 150 0
117 142 0
118 134 0
119 126 0
120 120 0
130 132 0
140 144 0
150 156 0
160 168 0
170 180 0
180 192 0
190 204 0
201 217 0
207 217 0
213 217 0
219 217 0
225 217 0
231 217 0
237 217 0
243 217 0
255 217 0
255 221 0
255 225 0
255 229 0
255 233 0
255 237 0
255 241 0
255 245 0
255 255 0
255 243 0
255 231 0
255 219 0
255 207 0
255 195 0
255 183 0
255 171 0
255 162 0
255 146 13
255 130 26
255 114 39
237 187 84
239 211 82
247 234 74
255 211 210
255 205 226
255 224 230
255 240 240
255 98 52
255 60 40
255 30 20
255 10 10
255 0   0

